$ANSIBLE_VAULT;1.1;AES256
35663639653965346666383832633837663265613734633665316662653661336265386265633363
3138323239313237386539613633343734653737396636330a363332353539376434633663643066
63356366393936383462666166343931306162393436313762376136666432346432326335333961
3637323163323933330a303866336334343138343365623033303836666261366564393034326530
61613564646432656263666165383266363163386363373464653963353738663133663266656137
63373134356462343130623536306339356139616631336362663663343335383731643431613932
33663737383334333166333732396135323634313432353065383535366164376639376239323861
31333564333734336536363339303833363739366630336162353438646235323762363631626566
32616263363132376637326261333863333439663030663337303438656463366434373830353962
34306231343934663433386566653636393463396232303564626339396139316531623631326630
62666539303436346265653730383037323239303863623832636533343035323265393639383864
34653138393330326666376431633566323630366566373364313436353261396630623133333563
33323866383432316164643334303539343632663439633766363361633531613537376133653137
31373331383937366230333235396231303362633066666536616161376464306566313562313966
32663363623836656265343963366539326135616338613839383032313431633566656133346663
35656261356364326263633764313639306130643062636430353664366438306461663039373837
63623138383962383333666438353938323263373636663938333230623565616466353031646437
64306234346534623636613434633931356462386130653538356363393830346165633833376561
62646164313861343937326365333462396362383163366462653463613936313039356539336530
33346239613462613434613934666432356538323434613930313264393333663336363231623030
32346630373735326234366437313031653331623961333464326532333630663933326564356438
63313235333638613732366236303830373830346665353866326532653631643136336439616262
37613737636239616136336531336361343731663033623630373137633438396630376639666464
63393533653964353565346661656464643536633065393765303238393131356637363861336635
61373166656335393931333439653739313138313162353934613737373337383935366338396430
33306132666139663634653766303730323435643434343361613866306566373961393833383434
35383134336638353835323630316430373839363238343136316461616532326631363266376362
35303465393962323662646665653132613038646263326330323563666137383534323265653662
63336661303263373061316364323732323031386166363432383263303064363535356536346639
32376134313966656438336134636461346333313461613862656565326632613630316336633866
34356638346164643465306231326665313265316563656532623364373734636434623331666530
39643462363661636138616330323639386136306363326234393339363964616564333635373134
31626639356534333263613037323338336338653036616632636538613035373638613464653730
35333765386330393766376362666135336133636665346162623330366435373530306266653266
35376563626438303464663235666633633661623466396364653634333337633465623638613835
62616465306562343761646165636139353637626564333366633266643230396433343631303438
66323835623662613632353436643339393332623063333732313334333133373931353032363564
32383739656434643333633936356631623636303731616630636235373532363934363162303933
33376262626363373134313638326531336362396539656438663564633262373831623461663763
64316439313031393231393339626131646633363132323661653161656338303837373237353932
33376262303435633764303032376364643233383064363766326665373162323434323339373666
34383130323731383632343838633165393636613933356230393230353366633464383031346437
32346138663339383435653239636363646331623030663163363864343362356235363464303533
32376339383062653938613038626662373737386161633435396436303530623638663130306161
65313563653261623834343566353364386532623063336135663531303563623435393332303531
36396435346532386261626236356637343065633933653364333061303133393537383462353738
63663536666164343463326538623066613038333834373934383063613338316536666530613866
34346666633630626530336361316633323937613165626565393562663632666136336365343134
31316435353630313539666639356435396438323930636366613233663064313631343337363064
61633935366638636236396461396461326331343535306337383265613435643338316238323064
35363639656663663035626132376231653932643932343531386231303931373334343864303865
62653633613437323363323933653637336566396661306464656438656535613935303534393365
39373465663832353037366464313033313835656636643564333966393565633862376566623639
34653736343839666562633834663964323237646164616436656564306263633164656233356437
61656635646539386236656133386434663762373436346137343866303936383664323132666334
62333634613634383263613332626135653031373235383836363264336439393564326530353733
63313363653437383062313564376634653563316539373063323030313762376263343961353663
39623338656433613932336135653462393732303261643639626134636330616537346330646131
65656666356162653066303333643162313630366134323535383164376638636635303765636465
35303939653237386531326534383834366164393766393135376531653539343638363535366632
36303234396332656635663264343737313533356565396135396239663862313933626165323630
38323661393730363836626435656237616466393537383664343562353063363032633465343233
33656436336366363364636262333632643663616330393562633330616231383030316662323538
30643237373464383166663036643237616164393031396230663462336664633633343839636663
30366665366563643237613764643433646436316338363534373637343737313739316266643539
39366466366339366335633437393630326664623364613737653435616465386364653962663039
62636637316163623264396561626235313936353231343634333030396630386466333161373635
38613834636434396466653836326537623331316537633661336533373635646330333566393231
34323837383361303031623538323863363331303039363762653466323433343239376435303438
62646564356331643665383063623330633539373138643434613765383366333435376630356634
32383034383239613765383261376332343764323463316234393234366633343763323231633732
32633461373561393434373332353061353435623430313937313731653738306336376562353364
63663531393465383233363233356138363434636233396432633564623630363432653537626631
37336639666462613934623836313362353132623562623632633035643837643561363031323832
63373733353765656261316233386539353064313662313038643938616330373033656534666434
66363537333234636539646235623563383938303065373361363066333739323731386130383461
32633938323232636461316361353432313730393438663938343435636138633162653031663364
66346431666163623362666264653364633231333230616231323762363335393961656561616634
62386137303261383166646463663761353435626333633062373766386432326532323631326430
65643361656265666335333535643733613965643633386232663961356564613635363435333262
36333739613635626465393961376535333461623038386139376237356265386535346339353732
39636239323232306134346337306563383039336331323934383135323333383639316266636538
35643365653432346332333835393262353162376361356637353766353334623731393237353237
35373765643965306661396363303164363161656662656566393461356661373264393734616565
33313931306134343833323464393831666662636663376361616163303838323934646433313239
39363365343831633930663330656365366133653638323133393334663864313634353333666365
65636431343165303863333033386135643036343539633361383135393665643333653863393463
61303263353836663332333132633161376432303530383465633462663162303137303936383461
63623130623839666336623436633732666230366266656666626439383065303131396263353838
34353765623032653864663063383134366432343034343337383832326239383836343231356564
38313634336339363535343137356565633433623564393332666263343435613061643262663535
36643364356131663431633636366264663062613437633232653136303236613030363030613963
64643662303632336339653539613063393365326438623539636466356636623739613438396166
34346132643565316435323866663530323663666234313438363830623062353162326664363035
34376234623762383832323933316462623635373961353838363566323630653739393130303763
38343638626235656461633239663566373863646234663362343462653964613533353935313733
34366563616235666463356137633936616164333936326635653637376135306538643663323631
30386337646636353138646339393434636362663430663135306565636630313031616663373339
61613432306164336637303230343535373239636266343036633661353561643533303438343732
65666563623933333938666536306332303234303564363765633733633964376336303631316661
38386336643238646661313836666633333561363334616130323561653234303932633738366539
34323262643361363637623639306333376132623663343933653732396666623433666562363531
32363766636134383333623938633837333438636132313765376661633237316163623031356562
30343337383931333831353562323965613163313336653466376232366338616130626261373036
31663865303962636263613061316237363432633436633162363834626437333434333736316264
32346339393530616362663161333135306234356261313561356334336133316135343136386637
62333439656336383464386535346134313731383437366237616530646633333261653830316430
62613866393731643364646634613066303539376165613338323765666635623837386437633037
64316434663838383465373831643331323366376463383233333261393939343238636531303034
34336136326365626431336661646336316262346637653561656131643332363262316531623563
36333266376639396432363831346664313037613834333731313531333637656335623830333130
36643565313463353365346564303364376338636166343361306339623362373233343737646437
64343532626336373962393864626537323234363466633565623333343962666532376562626537
61613835323130323665613935376131393966343365383138356339316237663535613538343461
30363438326132376439393038333265663731336335323631616230333336613938333936653836
39616632363333346163313233343534336139663366646137633665363763663365633037356131
32343738356466383539643965306631383530383266393830643764313364346337363837633439
32306661336239363639626664336335386137303437663366356365666333643338383632656364
32643566366339383465353134643633643935323266613335373737636238646537633138353736
33663132633234336130316465663834303766306134646438316163303939313232616332646132
64333665613535303136343236343038643162643036306432316664306131303139336662383638
30323562666538616233613738646439303363306663383965393239623537303664633830653165
34393261366230633039636161343165646131613037323830393238376432663233373464323164
62343966343134316635613036663030633734356661363165343134633736663164376430346439
66316439376266363262613837323337316231643330373035323264373365396661386236663639
37376261613862366633616363623837356531623937303732346132653561353665373032663162
33333439633362646563633962663737623563303562636334323862306461626339376465323862
35326437616563643663646635653237646539653262663532636363356332613466653462376432
65623830646138653462373739616436653562316632373532653066343239306432333737323336
65313363663531376639333264303336326666313863353662333033353161613339656233643665
30646265353161373037303764343936306639303566353261323236643261323830646133366261
35303133613332633763616462326263643064643433636365656632353862646333383862653962
31643539663134343565316465343037636537656134326665613131373639363166343230393236
62383061656637323266633933326634376439363437333839303565316430663135393137366463
66333434313236316439623039323861656462656539646463613539326162346631373534383965
39643936326236376665306264303032346461376634346634626139633030643866303331613431
36663733343634306537373963626663366234303439633331393763313465383564656538656361
39363364343434353534323437306539356237653561633365646236306339353738633334643539
64383137386337623939636635383735376161656432353839376131653532323663313538663365
64346366383531356132316230386637336238623066646662613335613766323632343336633564
37373264346462303839393933663237346565336433633166626337386362343434316238376361
64626265613866653463356465303761326433363664613630326230353630646636653765306634
65326362336563363139396130616666343731653536346162316465646334353139386230393930
61326439363135366565383031373963336335646262633237623633346461333238303139613331
33376265663334346363663065333962303564613834666465616139353839316363643066663465
64386539366434386334613232666332656666353532393035393831366233666432366537666231
37353736343637303936393633653036306137653739653839343338383434356161353238333138
35616531326634346662323564393336316639396566363935633130663065623039366531343635
62393333323361646661306234666630383432623364356634636535356132653266313963333231
63623264363136663339353161333464336238363834326461353232646337313139653062653538
30333139333163316538306139613461333930313364316638353166313539366335333138633035
63643935313437623334623264656131393638633962653933363831653262356363363530623866
33613437656263393261336530643738383731303939393133373131333839653636303535393136
62353931636164323962623432326463656433396564636336346666313834316233646433393363
37396666396439383434613864653535633539353937663135336366346530343635333135656366
36393933643938653833333831396165333530336465626361616438303833386462626531316432
62613265646162386132663564393362386234353461336464373636393765333362643831343234
30363734303034623634363664303936333735663037326464663261316536313662366433333462
32383064313130616133343035396637393236376235316134613338303864383666373764623935
39323264613661303562623737336439656266303065336139643161656165306363336465366261
37646330646166666632633035326432613032343333383433353536303735383364663838346232
64393934613834323264316132333139313862623365383134636634636634313738373635316437
36323833646332306339633830336461363263343638343166653339613830316235396234653330
31653063653836623661393630373762376234383236393761363639643639333938656537323166
32643837393661363439323332343331633738633265333966326163376335643531646630353963
66326630393063613231306434323063646330373562363139316266393135636466383632303864
37663536376531396137353865366461313734326564633133346165656638313934343338633633
39646635333038373236356661663235303032653131656438343561313233313830323934616438
37626364333663343637663430353164306631336239313565613933666332313531333761343337
37383061366635326231656532366232313134376162623862333436396533326332373233353238
63303635303533376538613263326536333635646465626264656432393463356265366635366361
62336437383336306335323562303765366435383635653762356465323234356133653331313837
36333161666331626238623130353563316265653438393232396361643164663162
